Sync: 4.5368969440460205 seconds
Thread: 4.62195897102356 seconds
Process: 2.6872549057006836 seconds
